Model Summary
Name                      Input Size                Output Size               Parameters                Multiply Adds (Flops)     
----------------------------------------------------------------------------------------------------------------------------------
Conv2d_1                  [1, 3, 1920, 1080]        [1, 64, 960, 540]         1728                      895795200                 
----------------------------------------------------------------------------------------------------------------------------------
SynchronizedBatchNorm2d_1 [1, 64, 960, 540]         [1, 64, 960, 540]         128                       Not Available             
----------------------------------------------------------------------------------------------------------------------------------
ReLU_1                    [1, 64, 960, 540]         [1, 64, 960, 540]         0                         Not Available             
----------------------------------------------------------------------------------------------------------------------------------
Conv2d_2                  [1, 64, 960, 540]         [1, 64, 960, 540]         36864                     19110297600               
----------------------------------------------------------------------------------------------------------------------------------
SynchronizedBatchNorm2d_2 [1, 64, 960, 540]         [1, 64, 960, 540]         128                       Not Available             
----------------------------------------------------------------------------------------------------------------------------------
ReLU_2                    [1, 64, 960, 540]         [1, 64, 960, 540]         0                         Not Available             
----------------------------------------------------------------------------------------------------------------------------------
Conv2d_3                  [1, 64, 960, 540]         [1, 128, 960, 540]        73728                     38220595200               
----------------------------------------------------------------------------------------------------------------------------------
SynchronizedBatchNorm2d_3 [1, 128, 960, 540]        [1, 128, 960, 540]        256                       Not Available             
----------------------------------------------------------------------------------------------------------------------------------
ReLU_3                    [1, 128, 960, 540]        [1, 128, 960, 540]        0                         Not Available             
----------------------------------------------------------------------------------------------------------------------------------
MaxPool2d_1               [1, 128, 960, 540]        [1, 128, 480, 270]        0                         Not Available             
----------------------------------------------------------------------------------------------------------------------------------
Conv2d_4                  [1, 128, 480, 270]        [1, 64, 480, 270]         8192                      1061683200                
----------------------------------------------------------------------------------------------------------------------------------
SynchronizedBatchNorm2d_4 [1, 64, 480, 270]         [1, 64, 480, 270]         128                       Not Available             
----------------------------------------------------------------------------------------------------------------------------------
ReLU_4                    [1, 64, 480, 270]         [1, 64, 480, 270]         0                         Not Available             
----------------------------------------------------------------------------------------------------------------------------------
Conv2d_5                  [1, 64, 480, 270]         [1, 64, 480, 270]         36864                     4777574400                
----------------------------------------------------------------------------------------------------------------------------------
SynchronizedBatchNorm2d_5 [1, 64, 480, 270]         [1, 64, 480, 270]         128                       Not Available             
----------------------------------------------------------------------------------------------------------------------------------
ReLU_5                    [1, 64, 480, 270]         [1, 64, 480, 270]         0                         Not Available             
----------------------------------------------------------------------------------------------------------------------------------
Conv2d_6                  [1, 64, 480, 270]         [1, 256, 480, 270]        16384                     2123366400                
----------------------------------------------------------------------------------------------------------------------------------
SynchronizedBatchNorm2d_6 [1, 256, 480, 270]        [1, 256, 480, 270]        512                       Not Available             
----------------------------------------------------------------------------------------------------------------------------------
Conv2d_7                  [1, 128, 480, 270]        [1, 256, 480, 270]        32768                     4246732800                
----------------------------------------------------------------------------------------------------------------------------------
SynchronizedBatchNorm2d_7 [1, 256, 480, 270]        [1, 256, 480, 270]        512                       Not Available             
----------------------------------------------------------------------------------------------------------------------------------
ReLU_6                    [1, 256, 480, 270]        [1, 256, 480, 270]        0                         Not Available             
----------------------------------------------------------------------------------------------------------------------------------
Bottleneck_1              [1, 128, 480, 270]        [1, 256, 480, 270]        0                         Not Available             
----------------------------------------------------------------------------------------------------------------------------------
Conv2d_8                  [1, 256, 480, 270]        [1, 64, 480, 270]         16384                     2123366400                
----------------------------------------------------------------------------------------------------------------------------------
SynchronizedBatchNorm2d_8 [1, 64, 480, 270]         [1, 64, 480, 270]         128                       Not Available             
----------------------------------------------------------------------------------------------------------------------------------
ReLU_7                    [1, 64, 480, 270]         [1, 64, 480, 270]         0                         Not Available             
----------------------------------------------------------------------------------------------------------------------------------
Conv2d_9                  [1, 64, 480, 270]         [1, 64, 480, 270]         36864                     4777574400                
----------------------------------------------------------------------------------------------------------------------------------
SynchronizedBatchNorm2d_9 [1, 64, 480, 270]         [1, 64, 480, 270]         128                       Not Available             
----------------------------------------------------------------------------------------------------------------------------------
ReLU_8                    [1, 64, 480, 270]         [1, 64, 480, 270]         0                         Not Available             
----------------------------------------------------------------------------------------------------------------------------------
Conv2d_10                 [1, 64, 480, 270]         [1, 256, 480, 270]        16384                     2123366400                
----------------------------------------------------------------------------------------------------------------------------------
SynchronizedBatchNorm2d_10[1, 256, 480, 270]        [1, 256, 480, 270]        512                       Not Available             
----------------------------------------------------------------------------------------------------------------------------------
ReLU_9                    [1, 256, 480, 270]        [1, 256, 480, 270]        0                         Not Available             
----------------------------------------------------------------------------------------------------------------------------------
Bottleneck_2              [1, 256, 480, 270]        [1, 256, 480, 270]        0                         Not Available             
----------------------------------------------------------------------------------------------------------------------------------
Conv2d_11                 [1, 256, 480, 270]        [1, 64, 480, 270]         16384                     2123366400                
----------------------------------------------------------------------------------------------------------------------------------
SynchronizedBatchNorm2d_11[1, 64, 480, 270]         [1, 64, 480, 270]         128                       Not Available             
----------------------------------------------------------------------------------------------------------------------------------
ReLU_10                   [1, 64, 480, 270]         [1, 64, 480, 270]         0                         Not Available             
----------------------------------------------------------------------------------------------------------------------------------
Conv2d_12                 [1, 64, 480, 270]         [1, 64, 480, 270]         36864                     4777574400                
----------------------------------------------------------------------------------------------------------------------------------
SynchronizedBatchNorm2d_12[1, 64, 480, 270]         [1, 64, 480, 270]         128                       Not Available             
----------------------------------------------------------------------------------------------------------------------------------
ReLU_11                   [1, 64, 480, 270]         [1, 64, 480, 270]         0                         Not Available             
----------------------------------------------------------------------------------------------------------------------------------
Conv2d_13                 [1, 64, 480, 270]         [1, 256, 480, 270]        16384                     2123366400                
----------------------------------------------------------------------------------------------------------------------------------
SynchronizedBatchNorm2d_13[1, 256, 480, 270]        [1, 256, 480, 270]        512                       Not Available             
----------------------------------------------------------------------------------------------------------------------------------
ReLU_12                   [1, 256, 480, 270]        [1, 256, 480, 270]        0                         Not Available             
----------------------------------------------------------------------------------------------------------------------------------
Bottleneck_3              [1, 256, 480, 270]        [1, 256, 480, 270]        0                         Not Available             
----------------------------------------------------------------------------------------------------------------------------------
Conv2d_14                 [1, 256, 480, 270]        [1, 128, 480, 270]        32768                     4246732800                
----------------------------------------------------------------------------------------------------------------------------------
SynchronizedBatchNorm2d_14[1, 128, 480, 270]        [1, 128, 480, 270]        256                       Not Available             
----------------------------------------------------------------------------------------------------------------------------------
ReLU_13                   [1, 128, 480, 270]        [1, 128, 480, 270]        0                         Not Available             
----------------------------------------------------------------------------------------------------------------------------------
Conv2d_15                 [1, 128, 480, 270]        [1, 128, 240, 135]        147456                    4777574400                
----------------------------------------------------------------------------------------------------------------------------------
SynchronizedBatchNorm2d_15[1, 128, 240, 135]        [1, 128, 240, 135]        256                       Not Available             
----------------------------------------------------------------------------------------------------------------------------------
ReLU_14                   [1, 128, 240, 135]        [1, 128, 240, 135]        0                         Not Available             
----------------------------------------------------------------------------------------------------------------------------------
Conv2d_16                 [1, 128, 240, 135]        [1, 512, 240, 135]        65536                     2123366400                
----------------------------------------------------------------------------------------------------------------------------------
SynchronizedBatchNorm2d_16[1, 512, 240, 135]        [1, 512, 240, 135]        1024                      Not Available             
----------------------------------------------------------------------------------------------------------------------------------
Conv2d_17                 [1, 256, 480, 270]        [1, 512, 240, 135]        131072                    4246732800                
----------------------------------------------------------------------------------------------------------------------------------
SynchronizedBatchNorm2d_17[1, 512, 240, 135]        [1, 512, 240, 135]        1024                      Not Available             
----------------------------------------------------------------------------------------------------------------------------------
ReLU_15                   [1, 512, 240, 135]        [1, 512, 240, 135]        0                         Not Available             
----------------------------------------------------------------------------------------------------------------------------------
Bottleneck_4              [1, 256, 480, 270]        [1, 512, 240, 135]        0                         Not Available             
----------------------------------------------------------------------------------------------------------------------------------
Conv2d_18                 [1, 512, 240, 135]        [1, 128, 240, 135]        65536                     2123366400                
----------------------------------------------------------------------------------------------------------------------------------
SynchronizedBatchNorm2d_18[1, 128, 240, 135]        [1, 128, 240, 135]        256                       Not Available             
----------------------------------------------------------------------------------------------------------------------------------
ReLU_16                   [1, 128, 240, 135]        [1, 128, 240, 135]        0                         Not Available             
----------------------------------------------------------------------------------------------------------------------------------
Conv2d_19                 [1, 128, 240, 135]        [1, 128, 240, 135]        147456                    4777574400                
----------------------------------------------------------------------------------------------------------------------------------
SynchronizedBatchNorm2d_19[1, 128, 240, 135]        [1, 128, 240, 135]        256                       Not Available             
----------------------------------------------------------------------------------------------------------------------------------
ReLU_17                   [1, 128, 240, 135]        [1, 128, 240, 135]        0                         Not Available             
----------------------------------------------------------------------------------------------------------------------------------
Conv2d_20                 [1, 128, 240, 135]        [1, 512, 240, 135]        65536                     2123366400                
----------------------------------------------------------------------------------------------------------------------------------
SynchronizedBatchNorm2d_20[1, 512, 240, 135]        [1, 512, 240, 135]        1024                      Not Available             
----------------------------------------------------------------------------------------------------------------------------------
ReLU_18                   [1, 512, 240, 135]        [1, 512, 240, 135]        0                         Not Available             
----------------------------------------------------------------------------------------------------------------------------------
Bottleneck_5              [1, 512, 240, 135]        [1, 512, 240, 135]        0                         Not Available             
----------------------------------------------------------------------------------------------------------------------------------
Conv2d_21                 [1, 512, 240, 135]        [1, 128, 240, 135]        65536                     2123366400                
----------------------------------------------------------------------------------------------------------------------------------
SynchronizedBatchNorm2d_21[1, 128, 240, 135]        [1, 128, 240, 135]        256                       Not Available             
----------------------------------------------------------------------------------------------------------------------------------
ReLU_19                   [1, 128, 240, 135]        [1, 128, 240, 135]        0                         Not Available             
----------------------------------------------------------------------------------------------------------------------------------
Conv2d_22                 [1, 128, 240, 135]        [1, 128, 240, 135]        147456                    4777574400                
----------------------------------------------------------------------------------------------------------------------------------
SynchronizedBatchNorm2d_22[1, 128, 240, 135]        [1, 128, 240, 135]        256                       Not Available             
----------------------------------------------------------------------------------------------------------------------------------
ReLU_20                   [1, 128, 240, 135]        [1, 128, 240, 135]        0                         Not Available             
----------------------------------------------------------------------------------------------------------------------------------
Conv2d_23                 [1, 128, 240, 135]        [1, 512, 240, 135]        65536                     2123366400                
----------------------------------------------------------------------------------------------------------------------------------
SynchronizedBatchNorm2d_23[1, 512, 240, 135]        [1, 512, 240, 135]        1024                      Not Available             
----------------------------------------------------------------------------------------------------------------------------------
ReLU_21                   [1, 512, 240, 135]        [1, 512, 240, 135]        0                         Not Available             
----------------------------------------------------------------------------------------------------------------------------------
Bottleneck_6              [1, 512, 240, 135]        [1, 512, 240, 135]        0                         Not Available             
----------------------------------------------------------------------------------------------------------------------------------
Conv2d_24                 [1, 512, 240, 135]        [1, 128, 240, 135]        65536                     2123366400                
----------------------------------------------------------------------------------------------------------------------------------
SynchronizedBatchNorm2d_24[1, 128, 240, 135]        [1, 128, 240, 135]        256                       Not Available             
----------------------------------------------------------------------------------------------------------------------------------
ReLU_22                   [1, 128, 240, 135]        [1, 128, 240, 135]        0                         Not Available             
----------------------------------------------------------------------------------------------------------------------------------
Conv2d_25                 [1, 128, 240, 135]        [1, 128, 240, 135]        147456                    4777574400                
----------------------------------------------------------------------------------------------------------------------------------
SynchronizedBatchNorm2d_25[1, 128, 240, 135]        [1, 128, 240, 135]        256                       Not Available             
----------------------------------------------------------------------------------------------------------------------------------
ReLU_23                   [1, 128, 240, 135]        [1, 128, 240, 135]        0                         Not Available             
----------------------------------------------------------------------------------------------------------------------------------
Conv2d_26                 [1, 128, 240, 135]        [1, 512, 240, 135]        65536                     2123366400                
----------------------------------------------------------------------------------------------------------------------------------
SynchronizedBatchNorm2d_26[1, 512, 240, 135]        [1, 512, 240, 135]        1024                      Not Available             
----------------------------------------------------------------------------------------------------------------------------------
ReLU_24                   [1, 512, 240, 135]        [1, 512, 240, 135]        0                         Not Available             
----------------------------------------------------------------------------------------------------------------------------------
Bottleneck_7              [1, 512, 240, 135]        [1, 512, 240, 135]        0                         Not Available             
----------------------------------------------------------------------------------------------------------------------------------
Conv2d_27                 [1, 512, 240, 135]        [1, 256, 240, 135]        131072                    4246732800                
----------------------------------------------------------------------------------------------------------------------------------
SynchronizedBatchNorm2d_27[1, 256, 240, 135]        [1, 256, 240, 135]        512                       Not Available             
----------------------------------------------------------------------------------------------------------------------------------
ReLU_25                   [1, 256, 240, 135]        [1, 256, 240, 135]        0                         Not Available             
----------------------------------------------------------------------------------------------------------------------------------
Conv2d_28                 [1, 256, 240, 135]        [1, 256, 120, 68]         589824                    4812963840                
----------------------------------------------------------------------------------------------------------------------------------
SynchronizedBatchNorm2d_28[1, 256, 120, 68]         [1, 256, 120, 68]         512                       Not Available             
----------------------------------------------------------------------------------------------------------------------------------
ReLU_26                   [1, 256, 120, 68]         [1, 256, 120, 68]         0                         Not Available             
----------------------------------------------------------------------------------------------------------------------------------
Conv2d_29                 [1, 256, 120, 68]         [1, 1024, 120, 68]        262144                    2139095040                
----------------------------------------------------------------------------------------------------------------------------------
SynchronizedBatchNorm2d_29[1, 1024, 120, 68]        [1, 1024, 120, 68]        2048                      Not Available             
----------------------------------------------------------------------------------------------------------------------------------
Conv2d_30                 [1, 512, 240, 135]        [1, 1024, 120, 68]        524288                    4278190080                
----------------------------------------------------------------------------------------------------------------------------------
SynchronizedBatchNorm2d_30[1, 1024, 120, 68]        [1, 1024, 120, 68]        2048                      Not Available             
----------------------------------------------------------------------------------------------------------------------------------
ReLU_27                   [1, 1024, 120, 68]        [1, 1024, 120, 68]        0                         Not Available             
----------------------------------------------------------------------------------------------------------------------------------
Bottleneck_8              [1, 512, 240, 135]        [1, 1024, 120, 68]        0                         Not Available             
----------------------------------------------------------------------------------------------------------------------------------
Conv2d_31                 [1, 1024, 120, 68]        [1, 256, 120, 68]         262144                    2139095040                
----------------------------------------------------------------------------------------------------------------------------------
SynchronizedBatchNorm2d_31[1, 256, 120, 68]         [1, 256, 120, 68]         512                       Not Available             
----------------------------------------------------------------------------------------------------------------------------------
ReLU_28                   [1, 256, 120, 68]         [1, 256, 120, 68]         0                         Not Available             
----------------------------------------------------------------------------------------------------------------------------------
Conv2d_32                 [1, 256, 120, 68]         [1, 256, 120, 68]         589824                    4812963840                
----------------------------------------------------------------------------------------------------------------------------------
SynchronizedBatchNorm2d_32[1, 256, 120, 68]         [1, 256, 120, 68]         512                       Not Available             
----------------------------------------------------------------------------------------------------------------------------------
ReLU_29                   [1, 256, 120, 68]         [1, 256, 120, 68]         0                         Not Available             
----------------------------------------------------------------------------------------------------------------------------------
Conv2d_33                 [1, 256, 120, 68]         [1, 1024, 120, 68]        262144                    2139095040                
----------------------------------------------------------------------------------------------------------------------------------
SynchronizedBatchNorm2d_33[1, 1024, 120, 68]        [1, 1024, 120, 68]        2048                      Not Available             
----------------------------------------------------------------------------------------------------------------------------------
ReLU_30                   [1, 1024, 120, 68]        [1, 1024, 120, 68]        0                         Not Available             
----------------------------------------------------------------------------------------------------------------------------------
Bottleneck_9              [1, 1024, 120, 68]        [1, 1024, 120, 68]        0                         Not Available             
----------------------------------------------------------------------------------------------------------------------------------
Conv2d_34                 [1, 1024, 120, 68]        [1, 256, 120, 68]         262144                    2139095040                
----------------------------------------------------------------------------------------------------------------------------------
SynchronizedBatchNorm2d_34[1, 256, 120, 68]         [1, 256, 120, 68]         512                       Not Available             
----------------------------------------------------------------------------------------------------------------------------------
ReLU_31                   [1, 256, 120, 68]         [1, 256, 120, 68]         0                         Not Available             
----------------------------------------------------------------------------------------------------------------------------------
Conv2d_35                 [1, 256, 120, 68]         [1, 256, 120, 68]         589824                    4812963840                
----------------------------------------------------------------------------------------------------------------------------------
SynchronizedBatchNorm2d_35[1, 256, 120, 68]         [1, 256, 120, 68]         512                       Not Available             
----------------------------------------------------------------------------------------------------------------------------------
ReLU_32                   [1, 256, 120, 68]         [1, 256, 120, 68]         0                         Not Available             
----------------------------------------------------------------------------------------------------------------------------------
Conv2d_36                 [1, 256, 120, 68]         [1, 1024, 120, 68]        262144                    2139095040                
----------------------------------------------------------------------------------------------------------------------------------
SynchronizedBatchNorm2d_36[1, 1024, 120, 68]        [1, 1024, 120, 68]        2048                      Not Available             
----------------------------------------------------------------------------------------------------------------------------------
ReLU_33                   [1, 1024, 120, 68]        [1, 1024, 120, 68]        0                         Not Available             
----------------------------------------------------------------------------------------------------------------------------------
Bottleneck_10             [1, 1024, 120, 68]        [1, 1024, 120, 68]        0                         Not Available             
----------------------------------------------------------------------------------------------------------------------------------
Conv2d_37                 [1, 1024, 120, 68]        [1, 256, 120, 68]         262144                    2139095040                
----------------------------------------------------------------------------------------------------------------------------------
SynchronizedBatchNorm2d_37[1, 256, 120, 68]         [1, 256, 120, 68]         512                       Not Available             
----------------------------------------------------------------------------------------------------------------------------------
ReLU_34                   [1, 256, 120, 68]         [1, 256, 120, 68]         0                         Not Available             
----------------------------------------------------------------------------------------------------------------------------------
Conv2d_38                 [1, 256, 120, 68]         [1, 256, 120, 68]         589824                    4812963840                
----------------------------------------------------------------------------------------------------------------------------------
SynchronizedBatchNorm2d_38[1, 256, 120, 68]         [1, 256, 120, 68]         512                       Not Available             
----------------------------------------------------------------------------------------------------------------------------------
ReLU_35                   [1, 256, 120, 68]         [1, 256, 120, 68]         0                         Not Available             
----------------------------------------------------------------------------------------------------------------------------------
Conv2d_39                 [1, 256, 120, 68]         [1, 1024, 120, 68]        262144                    2139095040                
----------------------------------------------------------------------------------------------------------------------------------
SynchronizedBatchNorm2d_39[1, 1024, 120, 68]        [1, 1024, 120, 68]        2048                      Not Available             
----------------------------------------------------------------------------------------------------------------------------------
ReLU_36                   [1, 1024, 120, 68]        [1, 1024, 120, 68]        0                         Not Available             
----------------------------------------------------------------------------------------------------------------------------------
Bottleneck_11             [1, 1024, 120, 68]        [1, 1024, 120, 68]        0                         Not Available             
----------------------------------------------------------------------------------------------------------------------------------
Conv2d_40                 [1, 1024, 120, 68]        [1, 256, 120, 68]         262144                    2139095040                
----------------------------------------------------------------------------------------------------------------------------------
SynchronizedBatchNorm2d_40[1, 256, 120, 68]         [1, 256, 120, 68]         512                       Not Available             
----------------------------------------------------------------------------------------------------------------------------------
ReLU_37                   [1, 256, 120, 68]         [1, 256, 120, 68]         0                         Not Available             
----------------------------------------------------------------------------------------------------------------------------------
Conv2d_41                 [1, 256, 120, 68]         [1, 256, 120, 68]         589824                    4812963840                
----------------------------------------------------------------------------------------------------------------------------------
SynchronizedBatchNorm2d_41[1, 256, 120, 68]         [1, 256, 120, 68]         512                       Not Available             
----------------------------------------------------------------------------------------------------------------------------------
ReLU_38                   [1, 256, 120, 68]         [1, 256, 120, 68]         0                         Not Available             
----------------------------------------------------------------------------------------------------------------------------------
Conv2d_42                 [1, 256, 120, 68]         [1, 1024, 120, 68]        262144                    2139095040                
----------------------------------------------------------------------------------------------------------------------------------
SynchronizedBatchNorm2d_42[1, 1024, 120, 68]        [1, 1024, 120, 68]        2048                      Not Available             
----------------------------------------------------------------------------------------------------------------------------------
ReLU_39                   [1, 1024, 120, 68]        [1, 1024, 120, 68]        0                         Not Available             
----------------------------------------------------------------------------------------------------------------------------------
Bottleneck_12             [1, 1024, 120, 68]        [1, 1024, 120, 68]        0                         Not Available             
----------------------------------------------------------------------------------------------------------------------------------
Conv2d_43                 [1, 1024, 120, 68]        [1, 256, 120, 68]         262144                    2139095040                
----------------------------------------------------------------------------------------------------------------------------------
SynchronizedBatchNorm2d_43[1, 256, 120, 68]         [1, 256, 120, 68]         512                       Not Available             
----------------------------------------------------------------------------------------------------------------------------------
ReLU_40                   [1, 256, 120, 68]         [1, 256, 120, 68]         0                         Not Available             
----------------------------------------------------------------------------------------------------------------------------------
Conv2d_44                 [1, 256, 120, 68]         [1, 256, 120, 68]         589824                    4812963840                
----------------------------------------------------------------------------------------------------------------------------------
SynchronizedBatchNorm2d_44[1, 256, 120, 68]         [1, 256, 120, 68]         512                       Not Available             
----------------------------------------------------------------------------------------------------------------------------------
ReLU_41                   [1, 256, 120, 68]         [1, 256, 120, 68]         0                         Not Available             
----------------------------------------------------------------------------------------------------------------------------------
Conv2d_45                 [1, 256, 120, 68]         [1, 1024, 120, 68]        262144                    2139095040                
----------------------------------------------------------------------------------------------------------------------------------
SynchronizedBatchNorm2d_45[1, 1024, 120, 68]        [1, 1024, 120, 68]        2048                      Not Available             
----------------------------------------------------------------------------------------------------------------------------------
ReLU_42                   [1, 1024, 120, 68]        [1, 1024, 120, 68]        0                         Not Available             
----------------------------------------------------------------------------------------------------------------------------------
Bottleneck_13             [1, 1024, 120, 68]        [1, 1024, 120, 68]        0                         Not Available             
----------------------------------------------------------------------------------------------------------------------------------
Conv2d_46                 [1, 1024, 120, 68]        [1, 512, 120, 68]         524288                    4278190080                
----------------------------------------------------------------------------------------------------------------------------------
SynchronizedBatchNorm2d_46[1, 512, 120, 68]         [1, 512, 120, 68]         1024                      Not Available             
----------------------------------------------------------------------------------------------------------------------------------
ReLU_43                   [1, 512, 120, 68]         [1, 512, 120, 68]         0                         Not Available             
----------------------------------------------------------------------------------------------------------------------------------
Conv2d_47                 [1, 512, 120, 68]         [1, 512, 60, 34]          2359296                   4812963840                
----------------------------------------------------------------------------------------------------------------------------------
SynchronizedBatchNorm2d_47[1, 512, 60, 34]          [1, 512, 60, 34]          1024                      Not Available             
----------------------------------------------------------------------------------------------------------------------------------
ReLU_44                   [1, 512, 60, 34]          [1, 512, 60, 34]          0                         Not Available             
----------------------------------------------------------------------------------------------------------------------------------
Conv2d_48                 [1, 512, 60, 34]          [1, 2048, 60, 34]         1048576                   2139095040                
----------------------------------------------------------------------------------------------------------------------------------
SynchronizedBatchNorm2d_48[1, 2048, 60, 34]         [1, 2048, 60, 34]         4096                      Not Available             
----------------------------------------------------------------------------------------------------------------------------------
Conv2d_49                 [1, 1024, 120, 68]        [1, 2048, 60, 34]         2097152                   4278190080                
----------------------------------------------------------------------------------------------------------------------------------
SynchronizedBatchNorm2d_49[1, 2048, 60, 34]         [1, 2048, 60, 34]         4096                      Not Available             
----------------------------------------------------------------------------------------------------------------------------------
ReLU_45                   [1, 2048, 60, 34]         [1, 2048, 60, 34]         0                         Not Available             
----------------------------------------------------------------------------------------------------------------------------------
Bottleneck_14             [1, 1024, 120, 68]        [1, 2048, 60, 34]         0                         Not Available             
----------------------------------------------------------------------------------------------------------------------------------
Conv2d_50                 [1, 2048, 60, 34]         [1, 512, 60, 34]          1048576                   2139095040                
----------------------------------------------------------------------------------------------------------------------------------
SynchronizedBatchNorm2d_50[1, 512, 60, 34]          [1, 512, 60, 34]          1024                      Not Available             
----------------------------------------------------------------------------------------------------------------------------------
ReLU_46                   [1, 512, 60, 34]          [1, 512, 60, 34]          0                         Not Available             
----------------------------------------------------------------------------------------------------------------------------------
Conv2d_51                 [1, 512, 60, 34]          [1, 512, 60, 34]          2359296                   4812963840                
----------------------------------------------------------------------------------------------------------------------------------
SynchronizedBatchNorm2d_51[1, 512, 60, 34]          [1, 512, 60, 34]          1024                      Not Available             
----------------------------------------------------------------------------------------------------------------------------------
ReLU_47                   [1, 512, 60, 34]          [1, 512, 60, 34]          0                         Not Available             
----------------------------------------------------------------------------------------------------------------------------------
Conv2d_52                 [1, 512, 60, 34]          [1, 2048, 60, 34]         1048576                   2139095040                
----------------------------------------------------------------------------------------------------------------------------------
SynchronizedBatchNorm2d_52[1, 2048, 60, 34]         [1, 2048, 60, 34]         4096                      Not Available             
----------------------------------------------------------------------------------------------------------------------------------
ReLU_48                   [1, 2048, 60, 34]         [1, 2048, 60, 34]         0                         Not Available             
----------------------------------------------------------------------------------------------------------------------------------
Bottleneck_15             [1, 2048, 60, 34]         [1, 2048, 60, 34]         0                         Not Available             
----------------------------------------------------------------------------------------------------------------------------------
Conv2d_53                 [1, 2048, 60, 34]         [1, 512, 60, 34]          1048576                   2139095040                
----------------------------------------------------------------------------------------------------------------------------------
SynchronizedBatchNorm2d_53[1, 512, 60, 34]          [1, 512, 60, 34]          1024                      Not Available             
----------------------------------------------------------------------------------------------------------------------------------
ReLU_49                   [1, 512, 60, 34]          [1, 512, 60, 34]          0                         Not Available             
----------------------------------------------------------------------------------------------------------------------------------
Conv2d_54                 [1, 512, 60, 34]          [1, 512, 60, 34]          2359296                   4812963840                
----------------------------------------------------------------------------------------------------------------------------------
SynchronizedBatchNorm2d_54[1, 512, 60, 34]          [1, 512, 60, 34]          1024                      Not Available             
----------------------------------------------------------------------------------------------------------------------------------
ReLU_50                   [1, 512, 60, 34]          [1, 512, 60, 34]          0                         Not Available             
----------------------------------------------------------------------------------------------------------------------------------
Conv2d_55                 [1, 512, 60, 34]          [1, 2048, 60, 34]         1048576                   2139095040                
----------------------------------------------------------------------------------------------------------------------------------
SynchronizedBatchNorm2d_55[1, 2048, 60, 34]         [1, 2048, 60, 34]         4096                      Not Available             
----------------------------------------------------------------------------------------------------------------------------------
ReLU_51                   [1, 2048, 60, 34]         [1, 2048, 60, 34]         0                         Not Available             
----------------------------------------------------------------------------------------------------------------------------------
Bottleneck_16             [1, 2048, 60, 34]         [1, 2048, 60, 34]         0                         Not Available             
----------------------------------------------------------------------------------------------------------------------------------
Resnet_1                  [1, 3, 1920, 1080]        [1, 256, 480, 270]        0                         Not Available             
----------------------------------------------------------------------------------------------------------------------------------
AdaptiveAvgPool2d_1       [1, 2048, 60, 34]         [1, 2048, 1, 1]           0                         Not Available             
----------------------------------------------------------------------------------------------------------------------------------
Conv2d_56                 [1, 2048, 60, 34]         [1, 512, 60, 34]          1048576                   2139095040                
----------------------------------------------------------------------------------------------------------------------------------
BatchNorm2d_1             [1, 512, 60, 34]          [1, 512, 60, 34]          1024                      Not Available             
----------------------------------------------------------------------------------------------------------------------------------
ReLU_52                   [1, 512, 60, 34]          [1, 512, 60, 34]          0                         Not Available             
----------------------------------------------------------------------------------------------------------------------------------
AdaptiveAvgPool2d_2       [1, 2048, 60, 34]         [1, 2048, 2, 2]           0                         Not Available             
----------------------------------------------------------------------------------------------------------------------------------
Conv2d_57                 [1, 2048, 60, 34]         [1, 512, 60, 34]          1048576                   2139095040                
----------------------------------------------------------------------------------------------------------------------------------
BatchNorm2d_2             [1, 512, 60, 34]          [1, 512, 60, 34]          1024                      Not Available             
----------------------------------------------------------------------------------------------------------------------------------
ReLU_53                   [1, 512, 60, 34]          [1, 512, 60, 34]          0                         Not Available             
----------------------------------------------------------------------------------------------------------------------------------
AdaptiveAvgPool2d_3       [1, 2048, 60, 34]         [1, 2048, 3, 3]           0                         Not Available             
----------------------------------------------------------------------------------------------------------------------------------
Conv2d_58                 [1, 2048, 60, 34]         [1, 512, 60, 34]          1048576                   2139095040                
----------------------------------------------------------------------------------------------------------------------------------
BatchNorm2d_3             [1, 512, 60, 34]          [1, 512, 60, 34]          1024                      Not Available             
----------------------------------------------------------------------------------------------------------------------------------
ReLU_54                   [1, 512, 60, 34]          [1, 512, 60, 34]          0                         Not Available             
----------------------------------------------------------------------------------------------------------------------------------
AdaptiveAvgPool2d_4       [1, 2048, 60, 34]         [1, 2048, 6, 6]           0                         Not Available             
----------------------------------------------------------------------------------------------------------------------------------
Conv2d_59                 [1, 2048, 60, 34]         [1, 512, 60, 34]          1048576                   2139095040                
----------------------------------------------------------------------------------------------------------------------------------
BatchNorm2d_4             [1, 512, 60, 34]          [1, 512, 60, 34]          1024                      Not Available             
----------------------------------------------------------------------------------------------------------------------------------
ReLU_55                   [1, 512, 60, 34]          [1, 512, 60, 34]          0                         Not Available             
----------------------------------------------------------------------------------------------------------------------------------
Conv2d_60                 [1, 4096, 60, 34]         [1, 512, 60, 34]          18874368                  38503710720               
----------------------------------------------------------------------------------------------------------------------------------
BatchNorm2d_5             [1, 512, 60, 34]          [1, 512, 60, 34]          1024                      Not Available             
----------------------------------------------------------------------------------------------------------------------------------
ReLU_56                   [1, 512, 60, 34]          [1, 512, 60, 34]          0                         Not Available             
----------------------------------------------------------------------------------------------------------------------------------
Conv2d_61                 [1, 1024, 120, 68]        [1, 512, 120, 68]         524288                    4278190080                
----------------------------------------------------------------------------------------------------------------------------------
BatchNorm2d_6             [1, 512, 120, 68]         [1, 512, 120, 68]         1024                      Not Available             
----------------------------------------------------------------------------------------------------------------------------------
ReLU_57                   [1, 512, 120, 68]         [1, 512, 120, 68]         0                         Not Available             
----------------------------------------------------------------------------------------------------------------------------------
Conv2d_62                 [1, 512, 120, 68]         [1, 512, 120, 68]         2359296                   19251855360               
----------------------------------------------------------------------------------------------------------------------------------
BatchNorm2d_7             [1, 512, 120, 68]         [1, 512, 120, 68]         1024                      Not Available             
----------------------------------------------------------------------------------------------------------------------------------
ReLU_58                   [1, 512, 120, 68]         [1, 512, 120, 68]         0                         Not Available             
----------------------------------------------------------------------------------------------------------------------------------
Conv2d_63                 [1, 512, 240, 135]        [1, 512, 240, 135]        262144                    8493465600                
----------------------------------------------------------------------------------------------------------------------------------
BatchNorm2d_8             [1, 512, 240, 135]        [1, 512, 240, 135]        1024                      Not Available             
----------------------------------------------------------------------------------------------------------------------------------
ReLU_59                   [1, 512, 240, 135]        [1, 512, 240, 135]        0                         Not Available             
----------------------------------------------------------------------------------------------------------------------------------
Conv2d_64                 [1, 512, 240, 135]        [1, 512, 240, 135]        2359296                   76441190400               
----------------------------------------------------------------------------------------------------------------------------------
BatchNorm2d_9             [1, 512, 240, 135]        [1, 512, 240, 135]        1024                      Not Available             
----------------------------------------------------------------------------------------------------------------------------------
ReLU_60                   [1, 512, 240, 135]        [1, 512, 240, 135]        0                         Not Available             
----------------------------------------------------------------------------------------------------------------------------------
Conv2d_65                 [1, 256, 480, 270]        [1, 512, 480, 270]        131072                    16986931200               
----------------------------------------------------------------------------------------------------------------------------------
BatchNorm2d_10            [1, 512, 480, 270]        [1, 512, 480, 270]        1024                      Not Available             
----------------------------------------------------------------------------------------------------------------------------------
ReLU_61                   [1, 512, 480, 270]        [1, 512, 480, 270]        0                         Not Available             
----------------------------------------------------------------------------------------------------------------------------------
Conv2d_66                 [1, 512, 480, 270]        [1, 512, 480, 270]        2359296                   305764761600              
----------------------------------------------------------------------------------------------------------------------------------
BatchNorm2d_11            [1, 512, 480, 270]        [1, 512, 480, 270]        1024                      Not Available             
----------------------------------------------------------------------------------------------------------------------------------
ReLU_62                   [1, 512, 480, 270]        [1, 512, 480, 270]        0                         Not Available             
----------------------------------------------------------------------------------------------------------------------------------
Conv2d_67                 [1, 2048, 480, 270]       [1, 512, 480, 270]        9437184                   1223059046400             
----------------------------------------------------------------------------------------------------------------------------------
BatchNorm2d_12            [1, 512, 480, 270]        [1, 512, 480, 270]        1024                      Not Available             
----------------------------------------------------------------------------------------------------------------------------------
ReLU_63                   [1, 512, 480, 270]        [1, 512, 480, 270]        0                         Not Available             
----------------------------------------------------------------------------------------------------------------------------------
Conv2d_68                 [1, 512, 480, 270]        [1, 24, 480, 270]         12312                     1592524800                
----------------------------------------------------------------------------------------------------------------------------------
UPerNet_1                 [1, 256, 480, 270]        [1, 24, 1920, 1080]       0                         Not Available             
----------------------------------------------------------------------------------------------------------------------------------

Total Parameters: 64,157,656
----------------------------------------------------------------------------------------------------------------------------------
Total Multiply Adds (only Convolution and Linear Layers): 1,796.0588836669922 GFLOPs
----------------------------------------------------------------------------------------------------------------------------------
Number of Layers
Conv2d : 68 layers   SynchronizedBatchNorm2d : 55 layers   ReLU : 63 layers   MaxPool2d : 1 layers   Bottleneck : 16 layers   Resnet : 1 layers   AdaptiveAvgPool2d : 4 layers   BatchNorm2d : 12 layers   UPerNet : 1 layers   